# Type: optimization
120114168
20904952
146497408
120144029
37022568
120240641
127904750
138536752
138543573
2003031
137149046
138558298
6094144
138536452
120134272
20905383
120210939
138310173
138560308
120145776
120150883
3071316
146497969
143344156
120170891
3080856
120149411
120240885
120200151
120129491
6095957
6094621
120142071
2066061
146497332
6095226
120138043
120198829
120133688
146497256
19095422
138310565
127904785
120158961
120223467
120144732
138341335
2003485
120241541
20906054
120210612
2003407
146496429
146496120
120116874
95602582
20909048
120213099
120241446
146497301
120132220
20906983
146498330
2033884
2069847
110312293
138541658
138534238
120241435
143348779
144347316
138310470
104338987
138534315
25734277
120166830
6096175
146498332
120219438
146496955
19094851
146497944
120240814
3079078
120169050
2088140
146498329
146497676
146496718
120143911
120137934
146498334
138341465
120234453
146497920
120168439
138341388
2003432
20908879
120240940
2041085
138310612
120193812
19094174
19095232
146498121
146496580
119144714
25750937
2003435
120248601
20907664
146497225
6095704
6094685
137149000
6092634
25751160
120246724
120246773
120157030
146497673
2091260
19094195
95602267
2062597
120178800
37021363
138310225
138555780
120126469
2041270
120114182
120213800
119143883
146497335
138548955
120220647
2063892
6092466
120152958
6094542
110312350
120135975
19093980
6095012
25741723
120171252
146496319
146497226
120175840
143348504
146497248
95602308
146496370
20908168
120165301
120240949
2088251
138533327
6093727
2003370
6096046
2003167
138340706
146498246
120116913
138551677
104339238
120239925
146497293
120247368
3067596
146496967
120196108
120165576
146497807
120157821
146497113
120200048
6093824
18433822
144358238
6097563
127904751
2046823
6095807
146498327
25740322
146497141
37018560
119144604
120170820
120175958
146496931
138546770
2039574
138310521
18436180
2050213
120168872
18434090
138556509
120216676
37022283
19094042
120241376
3066156
120125469
6097168
6091196
120212901
120206356
146498331
138538375
119143572
146496702
120165428
6097348
6091142
6094801
25737170
120216770
146498175
2064414
120120396
120245078
104338811
146496765
120137949
146496029
146498328
146496108
138546757
3070979
2003456
25745342
144358281
146496638
137149062
138538106
138535122
19094901
146497533
120215005
120158779
120156967
120157761
138545055
138543450
120156413
120228602
120133145
6092441
138545627
120203256
120240594
120131638
25748493
127904776
120244199
120133143
146497998
36784398
146498115
138542407
20914621
143345903
2003375
120203071
6094554
120220613
146496729
120162384
2038190
25734275
120157722
2003005
104339002
120209892
120240604
138543977
138542969
120239466
120192669
120165601
138549327
120193629
120222248
120216954
2003499
120203263
138310252
2003400
120169637
120172403
120147506
18434120
3068464
120239163
120190900
138533710
146497454
120197344
143342780
6096384
120147332
120239206
138537880
138560384
120235718
137157901
19094163
120240521
6093385
120171990
120210221
146497448
3069294
120165478
138533938
120237974
120207123
146497997
20915713
120139682
120139896
25737099
120240848
120239249
146497158
146496723
2068042
110312605
138310614
138560310
25737102
120157895
120202180
6094744
138533480
3077174
146497306
143348314
120170903
120171520
138543155
3082510
120166210
146496150
3080350
25748474
19095250
146496632
138310636
2088314
19094216
138534333
138541939
138562383
2068577
120207129
120126186
138554824
120151044
120238563
120116931
120239563
120233000
3075975
120114065
138341016
120245650
6096817
138341543
138340997
6096151
120212063
120205369
138549210
120193773
138340954
120202880
120140613
120113767
2069866
120240472
2047809
146497732
25734374
120171406
137157772
120113489
138538897
120171899
6092721
120245172
120227550
138432028
3083131
120152341
3066200
2003427
2003398
138545172
3079494
120241235
138310133
146497337
120167848
120170124
3081852
2086141
143342277
120201985
3076487
138555013
120172049
146496694
2003350
120158335
138534052
120209881
120136939
120240863
2036703
2032682
120164330
3070058
120228448
2068571
120241016
6096003
19094005
143341185
120198844
120169884
6093382
37019778
120244484
146497059
6097335
120132898
2003317
138534075
120134321
95602533
2065938
1760367
120170781
138310153
6094455
2036683
2038281
138561686
137157866
18434081
146497786
120124405
120239161
146496923
146496064
146497143
120226607
146496811
20915553
138557073
120147369
146496043
146496612
120200263
120240615
120240560
3080522
20913283
146496418
120135333
146497955
146496920
19095542
146497280
120166335
138554662
146497638
146497647
20908238
2050192
146497302
146496914
20905439
120136927
120136887
120122230
120244132
3076351
146497953
19095268
37017278
120195226
146497528
3070024
120168630
25746694
2003466
138548974
143342067
2002997
120141150
25745326
138545557
3086384
146496376
146498188
2088290
119143961
120146567
120223771
120239458
146497357
120156568
120168163
2036173
146497359
120163553
120166861
120230033
37019522
25748367
19094951
146498086
120156792
19094081
3085558
25748468
3065504
120246972
138537294
120198615
20915441
120246702
138537023
25748485
146496453
138534799
120174571
138310430
138341287
6095649
146497926
120154571
120202041
120164255
146497299
146497396
120132061
120125823
2003408
146497241
3066010
120192801
18434077
120241234
19095217
120206094
18436933
120134959
120169834
120245978
25767401
37018758
146497239
120240972
120209998
138310467
120169223
2041020
120167113
120192845
127904782
6094500
146497086
120194685
19094426
18433701
138540211
19095007
120227013
3085513
19094798
3081030
3077432
120143670
120244763
120204111
120137347
25748425
120175341
120237629
138341096
138341575
19094924
120123034
120200339
120202068
120156782
19094760
2039659
3080240
19095210
146497373
120207306
146498350
120198848
36784425
2003467
6095938
2088049
146496031
25735118
146497679
120177452
138341069
120239387
120248579
120122380
120244699
120197362
3067438
20905562
120239386
19094183
120204501
6095503
37024096
120244660
120113467
146497925
6095074
20906651
18434093
120137339
120240033
120155610
20915707
120243844
146496391
19094673
19095174
120192934
143341270
3072851
19094547
146497722
2031413
146497331
3077934
19094384
146496640
138551238
146496005
120214931
146497531
143345523
120177823
120114590
120140370
25751042
120122079
95602503
120176888
95602429
19094819
3069261
138553119
120167322
146497655
120133719
2003486
6092573
120238130
120218206
19095564
146497043
146497960
146497349
120134374
146496038
120239209
95602322
137157712
146496436
146497965
2086706
146496274
120182380
120165125
138341482
20912095
3070333
138310212
146498017
3073321
120240320
120205418
3073031
143343793
95602272
120141030
120127880
120136908
104339229
120238085
2039116
6096109
120140195
25751247
2069503
138561030
120139342
104338783
25741725
146498267
120241194
138310130
137149111
146498106
18438163
120159719
138541226
120198720
3078738
2062461
19095824
25772304
120244954
120173668
120169275
3077552
138545883
2039113
146497322
138533431
25741724
138562648
104339096
143349002
25737171
6095540
138310502
120207303
146497036
120244972
3069720
6097532
146497100
120247538
3069607
143343200
120214856
138545367
2035936
19096052
120171591
143348920
20913997
1760860
120195067
138541969
2003739
120245747
138340742
120148540
120163540
120230943
120192721
146496715
138533889
120140546
95602649
120167202
120239368
138536003
120206669
95602509
146497055
120240555
138432064
146498311
6092954
146497133
2034339
120206191
20908413
120133755
25748387
120170587
146497725
120153835
6093797
120136631
25746113
3078856
2003453
20908398
146496594
2003062
120152268
120167895
120156239
138310140
120194082
120195805
6094202
146496047
138310125
146497333
20905344
6095482
2087832
120141447
25748483
146498380
120244227
138341017
120180398
2003731
120152158
120204395
120156216
138556495
137157688
2003395
137157631
2002966
146496816
120169934
120243471
138535472
120244051
120137088
120137369
120248507
138558425
3084872
37017635
120245262
138549063
120157642
3066208
2069148
120200019
3080189
138548464
20906265
6094096
25751038
36784462
2003514
19095813
120134200
6095393
120171337
6093609
146497669
120233425
120180652
120246436
137157937
6092916
2036176
137157576
146496275
146497106
1760060
120244102
120172768
25734386
137157606
120171548
120125790
120146141
20904949
6096916
120202137
2051607
25759734
138540365
1760457
137157786
120165797
2085942
120146532
18439724
120166916
146496009
120136275
120193527
2041059
120227416
120241337
120239867
120240985
120161890
146498313
120240930
138562514
146498243
138553970
120161887
146498167
120168194
138310152
146497695
120217631
120243539
146496887
120125471
120134407
6093944
19094381
120156738
138310613
6097837
137149101
120244298
2003399
146498364
6095246
2088264
3085123
120209979
146498166
3083939
138432255
3080437
19094522
120201884
146496749
3067088
120240435
138540923
120141731
138562448
120134361
120141348
138539880
120240467
138536636
20915123
146496633
2066155
146497291
120138666
2003755
137157546
120221908
120149124
6096021
120171436
119144757
138544089
120227419
120246852
146496137
18435180
120240462
120175620
6094827
3076281
120194098
138432031
20915708
146496012
120147227
120244691
146498290
138341082
3072818
146497914
120175805
120207307
138539895
2002995
146497325
120208308
120158506
146497313
143347121
120191832
120152548
146496695
146496739
137157778
120114430
25748395
138548725
20911834
138533415
127904780
120177628
143345978
20906642
20906637
120147150
120127819
2033765
138310360
6097530
120240775
3074480
120181025
120240461
143343584
146497065
120132219
120248473
3076798
120210213
120180691
120232564
19095239
120238119
146498105
3073281
6097454
138310168
120241201
138548092
120125473
3073149
120162528
120171370
120154163
146497989
2003484
3082157
120244390
25748389
2003488
120223818
3069146
138310305
2035930
138535624
120195872
20912192
2003377
120240595
120214235
120151290
120164904
127904781
1760538
146496932
20905041
146498336
120134335
6093813
138341201
25749766
3075659
120152524
120241627
120239165
146497120
146496763
6095628
138550483
120241487
137157538
120248568
2041272
2068564
20914870
3084899
120113768
146498102
6093427
120150174
120148611
138543385
120148012
20908111
6094442
1760404
120239253
18439978
138340824
146498079
138340960
120243071
3066381
146496224
120171649
6096720
2313931
138536560
138341059
37019808
2069765
120212696
143346514
138310273
146497262
110312664
2003356
120197853
2035928
138553126
127904771
120207552
138341378
146496959
120140631
120170826
120147693
138544268
120161181
6092631
120241029
143345055
146497356
137157844
120180558
3071261
120137338
138340682
120138966
120205358
19095263
3070405
2002948
20908870
19094113
120240465
146496706
120121194
138542150
146497707
6093832
25748325
120138883
146498218
146496826
120210222
25748326
138545165
120172343
146496755
3078626
120234685
120169377
143342061
120196656
120240634
2003742
6095224
138310409
2063103
25744078
6092422
143345749
120207689
146496211
138310286
95602279
120244904
3069284
120195779
120174264
120193189
146497519
146496634
146496819
146496291
6093690
120199796
138548582
19095389
2069098
3071059
138341497
6097215
146498093
138543764
25737165
137149013
6092320
20908409
120193903
6094618
138310351
139004205
120152589
138533780
6092085
146497286
146496948
120114154
3074447
2003477
120182264
120239454
120233438
120238021
146498341
3081528
146497267
20908675
146497344
120196074
25748442
120147429
120145576
20915513
19094952
18433904
2068938
146496487
6094581
120148788
120134283
137157917
6095151
2064067
146496578
120233088
120241340
2036082
120221743
120194177
120208374
120126805
138556162
138310580
138341416
19094821
120149952
143347078
138537583
6093768
120172612
146496884
143345529
146498088
19094087
3075064
120156734
120247099
144347125
3082131
120137334
120243276
3068859
2065194
120137462
3076718
2065272
6098008
146496192
138557396
6094268
25751041
146498059
143344234
120240600
120133613
2070056
120220802
138560507
120169866
120157717
138551484
120145349
146496035
120171237
110312516
25748495
146496704
2002932
95602347
146496363
119144013
146496607
2003734
138310568
146497196
146496180
120203100
146496393
3085931
120214779
120204944
138543638
119144789
138533696
137157630
120248437
2048396
120197293
138539800
146497457
146498185
2062664
25748364
20911734
25735334
2040686
138536843
138547789
6095004
138310595
3076841
3068454
146496263
6097452
146498284
3078946
2003348
120240643
146496427
20906867
146497149
120170843
2003751
3075511
19094719
3073410
120202194
3082002
146496243
138554545
120234086
6097818
6093006
25739350
120139923
138341228
6093775
143344396
137157932
20914156
20912327
120239461
120156500
146496032
120241028
138544742
120125468
2063778
146497350
120146598
138542043
138310112
138533303
120239457
19095614
120239453
2069310
104339087
3072528
138538600
120240597
6094211
2087599
146497917
146497693
120239031
120144033
19095693
146498236
138549157
138545189
144358709
138551273
120171622
2003403
127904787
120149129
120227357
138557250
120162356
3076711
20913069
6095203
2041909
120142234
120171447
2058613
18435901
138549575
120247470
138541952
120127077
18433558
120201978
3068996
120120693
120121230
120241264
138541288
146497124
146498180
120138072
146497608
2088271
146496741
2038135
3074643
3078454
146497305
120210385
146496026
120227329
3068893
120149742
127904784
6093739
19096013
120203932
120239825
120167794
3072936
120235566
6095617
143343815
18433704
146497050
3067190
2003442
138310115
18439920
138561303
120181829
120240530
2063060
3077951
3074663
120211016
138432164
143343809
19094525
6092778
95602618
119144999
146496576
146497294
6095249
20907179
20912657
120176559
120217263
120144149
120140387
6095044
19095538
146496223
120164629
146496387
120240519
120113308
120241476
137157587
2002993
19095198
138432219
19095360
120166844
3077736
95602506
20905686
146496603
120204216
146496847
120222162
19095876
120182315
19094627
120118273
120152560
6097140
120240837
3082591
120177725
25748440
138551456
146496700
138310544
138310175
138537002
120223104
119143578
138310136
2003154
6096961
146496961
2063075
2088278
120241420
120211236
138535916
120206323
120235335
146497731
120158965
2052423
146497939
120177333
3067591
19094099
138310578
146496600
138310159
120134346
120218857
138547932
3080679
146497273
138432092
146496919
119145397
138560717
146497664
138546205
146497482
146497928
146497110
120133918
3070161
6092350
104338846
120201422
146496044
120222181
120137435
120152130
146497968
120166161
120203960
120247090
3073275
120237279
120162112
3081947
6096704
2035962
120127069
2313872
19094223
1760055
120137713
138432105
144358252
120240947
146497973
120132258
25748324
120119209
143347213
146498129
120133514
120195780
120113181
120233098
120163489
120149559
120225264
120167776
146496407
137157815
3085477
138553686
25739525
120238642
146497932
120139565
138559201
120236583
146496582
2063797
120166391
3078888
120173775
2086944
120199949
146497672
120208600
146496354
120127910
138341117
146496396
138432038
120148268
120237109
120142312
146496288
18436406
138535906
120147638
120157444
120168889
127904792
3072332
3066128
120171555
120240711
6094786
3071527
120241295
2003811
120158167
146496145
138541133
2068566
120157719
120113483
120197225
120174489
143344326
20905443
138310552
25748438
120137335
120137352
120210130
104338734
146497035
20907253
146496618
138310461
120153184
6096072
120239607
19094045
6095730
143342477
6097671
146498282
138310110
120207547
120245006
120181806
120140180
120113486
146496481
138310558
18437053
120137329
120240252
120141208
20909908
120232834
95602315
138432262
2040906
146497490
127904753
20915749
20906792
120239248
18433362
120222125
138547095
3080026
146498206
120168540
25734276
19095271
120191583
146497668
144358564
120113237
143341540
146497206
138536968
2041078
3069228
120197962
120207499
19095196
120227953
120240639
20908110
146497324
120232812
19095395
120246150
18433292
120158743
146497509
120243354
138553778
146496010
120165894
20906095
1760184
6093056
19094933
120239872
6091973
120197694
120205372
143341236
2060737
19095897
120134360
120214615
120135601
120141383
120246098
120170998
25748365
20907496
120212000
146496502
120180834
120136881
18434082
18435865
119145557
138562175
120182248
2065453
120133273
2048317
2069209
138310304
146497318
2068452
19095276
120203004
120176666
25740181
127904786
146497571
138533825
146496422
120244021
120210178
138551361
2087467
120190110
138310126
3080631
2090540
146497967
2039308
2091288
146496672
120241588
146496160
110312666
1760085
146496014
1760940
6094529
120137127
120241270
146496845
6097510
138560800
120134429
20904873
138542503
2039272
120202179
144346995
120213369
138340888
19095636
6096360
20906702
95602626
2003397
25749567
146496692
146497983
120147459
120206292
120172241
25747275
120205871
6097763
3080263
120164300
3065935
120190281
37022374
120214548
138540901
120232780
120137332
138538716
120132223
146497942
95602317
120133581
95602524
19095687
138310379
120177792
138534214
127904757
138556646
120146210
137157889
138534172
138561239
138554878
20912185
120171451
3081347
19094909
143348470
2086625
6098223
146497194
6093437
2088389
20904879
120137712
3076028
3071455
2036592
120157269
20915459
120137945
138341369
120222223
138538222
146497034
95602296
120245638
95602410
120207671
146497058
20915731
138545470
146497804
2064105
120220285
143341220
6096395
2067298
120176481
138310117
120236629
146497789
138541444
120202881
3078678
138341100
138538770
137149059
6096636
3075539
2003254
138555310
25735212
146497994
120229660
120170050
146498235
120217046
120171674
143349118
146497399
120239516
138310377
146498347
146496793
120204657
146498124
143344473
146498176
3066875
119144166
3075904
120222004
120171685
120194339
138536031
146498140
120117080
146497449
120211056
18434881
120220709
2039596
3067531
146497358
120121193
19094541
95602736
146496081
3069450
120193312
146496295
25741722
120170841
120172045
120172850
120160427
120246487
143349076
146496027
120114307
146497270
3078103
120203195
19094228
120140707
138535959
3081940
138557348
138432221
138310515
2067799
6097980
138554501
25748476
120239166
120168728
146496780
120174260
146497323
138539081
120113466
138559808
6095546
120220041
120222208
137149019
2054207
119145673
143347474
19094504
25772655
146496829
146498084
138552946
120175723
120181127
2002970
2052893
25740162
2003392
138552219
138551488
138546023
138341400
3081520
120178840
120241074
120135776
146496006
120173915
37020287
120241105
120130642
19093970
138553433
120239367
120234730
6097192
138560064
120207339
120211062
120191108
110312629
138550703
138554735
2068768
19094245
19094326
120156843
6092734
120222108
6093898
25748466
120245382
25734375
138544686
20905038
138539615
146496719
3066072
146496452
120202115
120210223
120137482
138533275
19094739
127904790
146496372
146497681
95602254
120151604
138341295
120125112
18433856
120198853
119145860
120191316
146496921
6093786
120172849
120137177
146496631
18436106
120167857
127904763
6096234
120133134
120136592
138310232
146497534
3083476
120210630
120175678
138340869
143342950
120193810
120169432
6095188
3081223
143343202
138553494
146497167
120132167
2068834
2051093
138534530
2003801
95602341
6097727
146496046
146496076
6098214
2003044
120159869
19094141
120246357
138533538
20913770
19094502
120241673
6091955
146496956
18433137
119145522
138561211
120243394
6095118
127904748
120191776
20913774
146496939
146498324
20908634
120221738
18433470
3065814
146497339
127904754
120227371
138544508
20912651
120144687
138533880
120165496
2048368
120218413
19094022
6092724
18433832
120133799
120210001
120240928
3065436
19094097
120207293
138310263
138310294
120223364
120243175
138556878
2038964
138543886
143342969
120200044
120162529
143348133
120141556
6093770
120207110
146497397
146497364
6097048
146496730
120140037
6092590
3082201
2067510
120225019
138550576
138562396
146497312
146497182
120127947
120195793
36784461
138432117
20906972
146496098
120134481
120200853
146497999
138551092
3076998
120166976
25749711
146497677
3071883
138553932
120241172
146496431
143347623
120233024
120243489
138310320
120125475
138538870
138542551
6094482
146496759
120199881
146497377
144358167
2003494
3067605
6095623
2037346
25745789
25748399
120191121
146496886
120128040
6097494
95602250
146498130
20906056
146496440
120198999
2041618
25748509
146498020
2036127
3071876
120161988
120157503
138561100
146496743
120171298
120227381
146497088
120165277
146498281
6093843
120244191
120176851
2032443
120116927
120157176
120237280
146498344
120166987
6093607
20909400
110312326
120169357
120240625
3074009
146497641
120195988
137157568
3076993
120153076
120247262
146496662
138560950
2003012
120233377
120231784
2041549
144347172
120209873
19094852
120171628
19095189
120234167
120176257
146498179
20909519
2064243
120113328
120171586
3080268
146496842
120138008
95602752
95602357
138552068
146497216
3067866
95602329
120150011
120234907
138547249
2003491
1760638
2069268
143344971
120136892
146497934
19094410
138546179
3078084
146498158
3066434
146496992
146496189
146497990
120210547
146496736
119144614
120240469
6097940
120125414
120241385
120170380
20906643
2049936
120224127
138561055
19095438
120243546
19096005
146497341
120133837
120204400
120222054
146497209
143345016
120140285
120240554
120177705
144358654
2063135
95602693
120240053
20905254
120171094
6096921
127904775
138537814
146496449
138549619
146498320
146496377
120156808
146496825
3082475
6095252
146496590
25748327
2003394
138541726
3069664
3066551
120134355
146496365
25748470
146496019
127904752
120241583
120171773
120168202
19095436
144359010
120204904
120241195
120125476
120246410
146496622
2035374
20909393
120166214
25748507
120243938
2037394
120150317
120140811
120241103
146497733
146497420
146498173
19094408
120239265
146498183
36784450
120144593
146497253
9528758
120232961
120160839
120244078
138545962
146498275
3069748
2069294
19094059
146497971
138537967
146497037
25748390
3073262
143344955
120202305
120197338
120141105
146496678
120243563
120172122
2063109
2063785
19094420
138310172
6095821
120177455
146496280
36784386
20909502
2003758
120176789
2003367
120215296
120125493
6098304
25748388
138310300
138546528
120136563
146496062
138558318
138533649
120218771
120239655
120240931
3081128
120194388
25751156
120209878
6094044
120191485
144347049
143348384
146496794
120168773
20911707
120205060
3081453
2002935
137157782
2003299
2039330
146497575
2048515
146496655
2035977
20911837
146497010
18439785
6093486
138553114
120204783
6096456
120198816
2002989
2069082
138341164
6096137
120213988
146497568
146498011
146496397
3086471
146497940
146497308
120241188
19095834
120195800
143347094
146497685
120210086
146497014
138537887
120239324
110312706
37017186
120142648
146497788
6094609
120239369
6092301
146497648
20906268
120139823
120171077
120164641
120244548
19095380
2003008
6093121
120192228
146496188
146496997
146498147
6096666
146497936
138559327
37019057
146496037
120173757
120182268
138548467
18433789
120239706
25763825
138533300
146496348
120223529
138310509
146496392
137157616
120136919
138535238
3081178
137149140
6097009
138541820
120165544
3065664
138554999
19094576
137157802
6094842
120171807
143348910
120239450
6096098
120238898
120206448
3086242
120140404
138540868
120163595
120140699
2050287
138539600
146497188
138310488
3065416
120138760
2039594
120144018
120167941
120198697
138546138
19094388
6095156
2051848
6096629
137157877
138310287
95602800
138542261
2035611
146497474
18435685
6093531
143347800
120197908
146497282
20906895
1760031
120156889
146496789
25747279
6094516
18437229
137148999
138310629
138545047
120210647
1760061
120113280
2091416
138538802
6095380
127904777
146497045
120153158
19095826
120149127
120206320
18433706
146496837
138544695
146496466
120243660
2062447
3075492
3076531
120194025
144358380
138535304
20907189
19096039
120218414
6094641
120141388
2091269
120191250
25755024
120113804
3070853
146496728
120248527
120212534
138558572
120158671
143347354
138539053
138340694
120148487
146498043
146495984
138538891
3068376
146496627
6096496
120218135
25739868
2068844
20912770
20907572
146496941
138556658
3078147
120240733
120167623
3078895
120132204
146496042
146496614
19095126
120142942
18433168
120222082
120239062
120217781
138432111
120141674
146497915
120240927
146498353
120239325
6092521
20906704
138341106
138538049
143345657
120146999
120136626
6094365
25769227
143346331
146497112
3074935
2069245
138340838
6097450
18435388
120181375
138562071
120190098
138546067
25748368
138340812
3082420
146498208
25735114
138535249
2003458
146497713
1760829
146498315
3075039
120244803
120244939
120157838
120120337
6093166
138545678
146497170
3076502
120229675
138542282
120156899
120159040
95602349
18439655
146495987
146496761
146496162
2003388
146496708
6094275
20909701
146495983
3072084
138540232
138533466
120222531
138310454
2068403
6092152
120210220
120143780
3083547
146496709
138432081
3081411
3069603
18437027
138552540
138310116
120246810
120210632
146496341
120140856
120113397
6093158
120169736
20904965
95602255
146497303
18433502
120237020
120114163
120132788
146496952
146497290
146496972
120240523
120166158
18433329
2035395
3082881
120148614
138535747
146496965
120142062
143347443
120171339
120168667
120190448
18434079
120148272
3080179
146497795
18437222
138561824
2003490
120199964
120114137
120140651
6092469
19095909
120140407
137149107
120190051
120215120
138310601
138539335
120152525
6091945
120171355
146498189
138562208
120125038
19095474
3078242
2062695
120133717
120207419
138533772
120133742
6097356
120133886
2003402
120239935
138558701
120205318
120201941
120240675
120203484
6095180
138556015
120192542
120179790
6098002
120120361
120119273
120245025
120241173
120175490
120131629
120238565
6094311
120240520
19094791
120208595
146497814
146496488
6096378
120244984
3065535
146496175
138559479
120168002
120177222
146495979
25739916
120244366
1760463
120243061
120113791
144347322
120170073
146498207
138534017
146497186
138543533
120166925
120221993
120170059
120200995
120172375
3071679
120240596
20908666
120197241
138432192
2085944
120144001
137149108
120171747
120233113
146497003
120205360
138554696
143345033
6097133
120132215
120140978
146497611
2069863
120168223
3071519
146496616
120195801
120241017
146498132
25750022
146497412
144347001
120141711
127904772
138546514
146498205
120248563
120148696
146496686
6097723
120138874
25748323
120240463
120239356
146496588
19094757
2047878
146496361
146498004
146496364
120152666
120138533
120141392
120243059
20915578
120137968
120191794
2064035
120246772
120196635
120209875
2064936
20907666
120196044
6095669
95602284
25748397
20913925
120172532
2003505
120222032
138310605
120168786
120139951
120244721
6095796
119145493
120209249
138340785
6095784
146498241
138310536
20905396
120165520
146497674
120141765
120242894
20906087
146497529
120209470
120243767
146498070
2051908
146498141
120228292
146497265
6097373
120248564
6094250
120237980
138542603
95602456
2048793
18439028
137157633
6097856
146497502
138550906
3077729
120150102
146497254
2002956
120241023
2091347
120128608
19094944
119145127
3072236
144347302
3076185
146497536
143341541
146497506
3067290
120173185
120168086
120200969
120246699
37018707
127904759
146497363
18437787
2003413
25748444
138541990
146497275
146497956
146496834
120155621
120165566
120161051
120244997
120149999
120146717
2068256
6092348
146497089
120172413
2003050
120195806
95602481
138535331
120205376
138540512
120131720
2059267
146497019
25738965
146496649
138310390
120200016
146496328
138432201
120171046
6092664
3075721
146496269
138310616
6096167
37021611
146498199
120240429
120121225
146496849
138432232
120134935
146497042
120191202
25748480
144358318
146496389
119144215
19095113
25768775
2039579
25752656
120136900
120202962
138547844
3081286
120241104
19094249
120148991
2088342
120210869
120240599
119144460
138560280
2003462
120113387
138560162
138548673
6091837
146497383
138534686
138310346
3071549
146496650
138551910
120233138
2003483
3069152
120199751
137149058
146497740
1760728
2035559
120248562
146497139
6094372
120182322
120241323
25744453
19095680
25751260
146496099
120148428
138310484
19094202
2041546
127904760
2087990
120139883
138310361
120168807
120210005
144347303
20907673
138310640
2069239
120168846
146496696
138562290
3067882
20909726
120137342
3076821
20906723
1760399
20905204
120113190
146498026
146498097
138552522
138536242
120203116
146497719
120134303
20914103
3073413
6092493
25739534
120247095
120140668
120245878
137157788
3076062
137157784
2069865
37017795
146496128
146497736
146496661
19095894
6095065
146498406
138310567
120149441
120240852
120159236
2003479
120241381
25737169
146496801
120210667
138545807
146496944
2063793
2068655
120138857
3073344
146496115
120162070
120146138
120141560
20912659
20912992
120162030
146496483
19094449
146496644
2003448
120157825
146496146
138544333
146497097
146498160
2048318
120169405
146496734
146496126
120166400
120165608
119143687
127904755
6095154
3071589
2064064
138341250
6094797
6093154
146497132
143343530
3075996
25748366
120247665
2063825
3082066
36784378
6095981
146496441
120231162
138535541
146496228
120136305
6095654
120151555
120152543
2003421
6097934
146497371
120137427
143345809
6091997
120209874
120169749
138537180
6094479
138535219
25748329
146497094
19094916
2031656
146497287
120134347
120136861
143347827
120239637
146497245
120165087
120191195
120171847
120149932
120139514
120248549
146497122
146496458
120164349
2065100
120193088
120210199
120142225
138534002
143346028
120227403
120173789
120137344
120204046
19094528
2069555
1760465
120113499
20909803
19094262
25759863
138538246
146497175
138561708
146496935
138560121
2002987
3068054
138310561
146498263
146497689
120146503
146498041
138533675
120156122
6094469
138310556
120150173
120113775
120147799
25748328
18433492
3074722
19095407
120198538
120116925
120132407
138539621
138310542
138548429
2058726
3083750
146497954
3077374
120239531
127904783
6096890
18439560
137157537
120201224
120204738
6095562
2003591
146497346
143343880
20912515
120213249
146496671
3076639
146496950
146496754
25743440
19094613
2068658
120156763
2088284
120149451
2003365
120206687
120246777
120147698
2032870
120173771
120141436
138543047
2003482
120203151
120239310
2041691
2040468
19093990
146498194
146497105
2003384
120210219
138548397
146497801
1760220
120131649
146497051
25739535
138340806
120156508
19095421
120206433
120240006
120126670
120135214
120210092
138560974
146497802
120162382
120191813
6095738
120182371
120172616
120182328
120234910
2003464
120152323
146498363
20912339
19095452
138544544
120190354
18433490
138552388
20904994
25735494
146496844
138551750
138310554
138547972
120151268
146497704
20914176
120191774
3086459
95602758
120200486
120246655
20912506
2002942
36784393
120137066
2035614
120233146
143348726
138551856
146496878
3080804
2052703
138540728
120231909
120206662
120238556
146496094
25741729
119144472
25757007
120191119
2086191
3073242
138538414
120160417
6091434
146497803
120239860
120136854
20909046
146496733
146498177
120215141
120144099
120212049
3066035
120150259
3065780
143342141
120218709
146496443
138310604
20913978
6092250
3068891
120172203
143349066
120222115
3076286
3086562
120133769
146496918
120171921
120232498
120169467
2064058
120149133
2036003
120142525
6097157
6091921
138310250
3066780
2069052
19094831
146497295
120132259
120248540
146498161
120240524
120246612
146496663
6097445
120202003
19095207
138542123
120162395
2088157
146497091
120121219
138552258
120245137
20908411
138535738
2049317
120134351
120241137
120191320
20906796
120239361
2036581
146497125
2050394
120241647
19094632
120171435
146496477
138560825
120198894
120157718
143348756
2042331
3071486
6092697
144347380
6097190
19094602
146497525
120240645
19095442
3070999
120116869
120191713
120202687
120232619
120245997
2057502
120207943
120158230
6093720
110312325
120190467
137157617
20908493
120239900
146496716
120195859
138310602
146496831
138538919
120202143
2087833
138310142
146498005
120240069
120201375
6091751
120128033
3086565
146495980
120173551
138310318
20912110
2063143
6092662
120204472
18433363
120218028
120240932
20906801
120240593
146498302
20905449
138536919
146496954
120151739
120240623
120201950
3069166
2002940
120198125
146496378
25765833
146497237
2036509
120147955
120131073
3078913
6093610
25748478
2003487
127904791
138310201
138552577
138533293
120146625
120248519
2051837
146496368
6098183
127904774
120158188
120167437
146496721
2003443
120138704
120193772
120172761
146496838
18437135
120119228
146497000
120211051
138549397
120158257
110312270
2062433
146498164
127904746
120132028
120244655
120243831
119144353
19094213
120155582
19095464
120165008
120171105
120248199
143341784
120148133
120153224
137157716
120239786
138557601
138561506
2002975
120161922
138533755
120246789
120209953
120164939
25737100
120139694
2034170
20908245
37019711
138553092
146496915
95602334
3082335
138553520
95602590
2069088
138561854
138310357
6093846
3065589
25768687
120240847
2003002
3070835
20915732
146496008
138537050
25751035
120159262
6094711
6094472
120158029
137149064
120169689
120131355
25737103
120239222
120175330
120207654
2032074
146497169
20915576
20904972
6092569
120149666
120171584
1760873
120175468
2089996
120140693
120165268
137157763
19094905
138556023
6092807
138551869
120229944
19094487
6097615
25741731
143343120
120191528
138310570
6094727
146496697
120246909
25737167
138542756
146496405
25737166
120176579
120145845
6094477
146497117
146497945
138558432
2063044
120129933
2086633
2003175
6093173
120141943
146497189
19094566
2069221
138561405
3079223
146498338
138310608
146497351
138538022
137157644
120244626
120113470
146497810
120180970
2062895
120175561
2003497
120241377
6093354
120157796
120207656
146498125
120159142
120171329
138310638
120167628
138310548
120246958
3071069
20914483
120146669
120170943
146496367
120141389
120218074
120209400
120165013
3077991
120133179
2062114
3077984
143349416
2069227
120201945
138340758
3074260
19095412
120170832
120138032
2062735
146498295
137157753
19095465
137157752
146497523
120232871
138553498
120242881
2068510
3074720
120177499
146497794
146497342
138341223
20906701
120145275
127904779
120210816
3070368
137157919
19093995
3071861
120204438
120134924
137157850
2089785
20908170
3070330
120178548
120239113
146497330
138561572
2003468
120157424
120191484
120126305
146497353
138310590
2068878
2062224
2087611
146496785
120161369
3068555
143348008
6093140
2069204
143344654
146498300
146496966
146496100
120241348
143348975
95602759
120181963
19094190
120204696
19095653
120169559
6096348
120248591
6098233
138341259
146496924
120172087
120209972
146497119
120168998
120133874
3083537
18434857
138541672
120196117
120147254
120179524
143344123
127904756
120132611
138548501
138561643
19094317
138545401
120165482
146497811
146496439
146497715
137157597
120133593
120247261
25748472
2069089
138558895
146496949
138341422
6097912
6092667
120240921
146497966
2062940
146496701
146497411
138340939
6092432
18433550
120169308
120238698
6092873
120170956
36784344
120164914
146496925
138533274
19095228
20907025
6095736
120233989
2086364
120234665
146497993
120238123
120137921
120154080
120130384
95602805
146498095
20912836
120198893
120243016
120116044
20909239
120240936
120239879
146498225
3079117
6091804
146497360
120209359
120213255
2003020
137157785
120167763
6097208
138541649
18434092
137157911
120197379
146496953
120243737
2086738
120171503
2003024
120171546
6093134
138536145
138538664
36784448
146497532
2035336
120248509
2062967
18434086
25752995
120213946
138542338
138553212
138554370
6095256
127904749
120240073
120221784
2003385
138539679
3069389
120203840
120245035
138545312
2063807
120227360
18435628
138562697
146497217
120201218
95602336
120240739
138341299
120172379
146496809
146497352
138535792
3072036
2003026
120232384
120143343
146497319
146498321
120243297
146497962
2035432
138341481
138544441
120196999
3085701
6097344
120242855
25742642
120146101
146496056
3071715
138340937
120205367
138554290
120166939
146496917
120148681
146496609
120232442
120178249
25748487
138545270
25741730
146496922
120134366
120240605
6095529
146496756
146496314
2065841
120240942
3082848
120240522
19095289
3070653
146497297
2003481
120139765
138539792
25748393
120155909
146497615
120202036
138552099
120243167
19094868
2053505
146498138
138553226
120245434
2041854
120238176
120161998
120142492
146497709
120246667
138537535
3069624
120137936
120201283
120125495
146497354
146496752
138340851
146498214
120149549
138538510
6097209
146497080
3074493
25748524
120241015
3082700
3081066
120221800
138533453
120237399
120195140
25735654
120145610
2036094
138341249
25737101
120246621
120175627
146496946
3070350
20915705
3084032
2068941
3069677
146496577
6093113
138546980
120120397
3077788
6095265
120168911
3083305
95602314
95602464
120241643
120192768
120120383
146496812
6094118
120215912
120210129
138535837
120146275
120116926
3081660
120244330
2041234
138545125
146497200
138536466
3067834
6092566
6095489
138543044
120137385
120126992
25737168
127904745
146496595
6093388
138560175
3086042
137157603
3082084
120240460
120238093
138539918
2003470
120248537
25751297
138545023
138548389
127904758
120182301
146498135
3075217
120168756
120118505
146496255
25748489
3070904
120157159
143341497
120157716
120125879
146496347
120195691
120217583
1760482
110312331
120208361
138432160
146496459
19094162
144347326
37020190
120226406
143348662
120228088
3068535
95602405
146498037
120241563
3071086
146497345
146496033
143347898
146496380
137149036
120113501
138310633
120241073
120241048
2068339
2051683
138548543
146496220
138554243
120239176
120237502
120226190
2058377
138552769
138546392
138542264
146496691
18433494
120163517
120194115
120166814
19094010
120143174
120138007
120129391
146497314
146498030
138559926
138534909
3086494
19096022
146496298
120176717
120166757
146498114
20915301
20905168
120193768
120149617
120165610
138310625
120172074
2090333
120240133
137149057
146498394
138546612
138341101
95602343
95602816
2048313
120131626
18438218
3070371
6094392
120240950
20912605
2048073
3080489
2003393
120191674
2002952
143343829
6096510
138552040
146497950
120141713
120121126
20913225
120192812
120178781
3077420
120191065
144347007
120140446
120133644
138310378
144358783
20908670
138540675
2036687
138432097
146497023
120202653
138539894
120173502
20912774
25735651
143343117
146496916
138535383
138554492
138533899
138542824
120239558
120239445
2046520
2058276
146496355
120166025
20912536
25751164
146498169
120154395
2087300
120197735
2065995
120193218
20912663
3081315
120243180
138555492
2003472
120171473
120217875
146496683
120190196
138533556
2091340
6093458
1760366
6096446
120142343
146497213
37020865
120205363
6093050
19094836
146496182
18438320
6094633
144347013
120191641
6094356
3080642
20907941
19094442
20906369
120149715
120238996
19094890
3081137
146496748
138533406
146497128
138310134
120238902
18434875
2003032
3070154
146497941
138558824
3071333
120209984
146497064
146497700
6093019
2040676
3072270
146498278
137149009
2003260
2089802
6092017
146497025
18435026
146497348
120244160
25744832
120192751
6095491
146496002
6095404
120125483
138543785
120161891
6094369
138340943
2086285
146498265
146496810
120149824
3068147
120143155
138310533
138535672
2002999
120167267
146498322
138548157
2062651
120165216
6092541
120209917
138540520
138560900
138310538
18436116
120150269
120243160
6093660
120113487
138341359
143349154
120210262
120158309
120146845
120239915
120131732
95602661
138310182
18433613
120200076
138310270
120171822
138432211
146497218
138541187
146497340
146496491
127904742
120191075
119144510
37021575
37019688
143344775
3075554
120219617
120245458
120172233
120241338
2031569
120171413
2065941
146497199
120219129
120241336
120160724
120233360
120175020
120193367
3072435
120141042
120113508
138539315
20912967
138341447
119144349
120241378
120135772
138310229
143347449
18439718
119144811
18433866
120240489
18436851
138533621
120203260
25745102
20906194
120230123
146498022
20907464
144347066
138340797
119145498
2054447
120156970
120134408
120204643
120133691
146497309
146496581
138541737
146496040
6093347
95602416
120238519
138310553
2036336
138310266
138310626
120164715
120171873
146496332
138535930
20909687
120150276
138310506
146496218
120169488
20905441
146497277
146496404
20904981
146498111
120147428
3081890
3071840
3080292
6095193
120154870
3075520
137157798
146496771
6093431
120244475
146498217
3065363
120142211
120149825
138540742
138548297
2086333
120243598
6094880
120147833
146496345
120236900
120168519
120241081
2003342
120221516
120198860
20905387
146497227
120148220
120238118
6093419
20913449
146497588
146496705
146496141
146496731
144346997
95602441
146496435
143341877
120133521
146497808
120129767
138310479
95602293
120176663
138535878
120170814
120240877
120149540
146497083
19095282
20909813
120224808
146497545
2003787
6095319
120172279
146496261
138551931
146496665
19095745
146496353
146496468
127904770
3067020
146497680
20914147
6098247
138537487
120215978
146498326
146498318
19095816
120196751
120191115
138555050
120244713
2038177
25754475
6095225
144358909
3065694
137149150
120245486
37024252
146498150
120170100
120144985
120132558
120177264
6098209
120240626
25758011
20908422
120127154
138560464
25734538
146496592
120233955
19094619
2002945
143344258
19096035
146497285
2062994
146496828
146497251
1760723
6094417
120175111
120127912
120157115
2051449
3071743
146496988
19094937
3075949
137157834
120141347
120202958
120233176
144359016
6096892
120149759
143341234
6096342
6093503
2062991
120170979
120113461
120133582
137157871
137149027
2038627
138535313
120138730
146498308
120239260
120193473
146496943
18433855
120161924
3071707
120172264
120173493
120142067
120177355
120157167
6095323
146496144
120210929
120197877
120141238
120232941
138556211
20905001
20904892
120170046
2038121
146496413
120241456
120145655
146496226
146496597
95602725
120234674
120180003
19095073
2090604
3067865
6094228
146497697
20911851
138432238
138340881
146497278
6093000
25741732
138310405
120113642
137157541
18435832
20911730
146497329
2003537
3075573
95602283
138539889
138341496
138534198
2003383
138310114
120168507
138557150
2088308
146498319
120137938
6096593
120138732
18439030
120202879
146496822
146497787
2003368
138540897
120115394
138535319
37018335
19095886
120217823
146496815
120237346
6093773
146496832
120147235
120149979
2003010
120209389
146497361
3069679
110312594
2064351
3065398
138547028
2051773
3074854
120202891
6097690
146497464
146497483
120239183
2003374
2068241
120248285
19094988
146496827
3072459
120243065
120142914
120244914
146498381
120196749
20915284
120237739
146496786
3071685
120248572
6094858
138310615
2051770
120233441
146496286
3072659
95602248
120246130
2069109
120240568
146496107
2002998
6097319
120231452
138310350
120168166
143344044
138533940
2068012
146496067
146497636
2003372
146496401
143341635
146497933
120241511
120166970
2059251
120192711
120203903
146496442
3070788
138538038
143341802
19095005
1760862
20908112
3067332
3080450
146496818
138310619
2003775
138539121
146496726
120147809
120180870
120156769
2003007
6097664
138539392
146497343
146496077
19094058
120182175
120157454
138538380
120158281
120195076
120155970
120158725
6096871
2039676
146498182
146497334
120143230
120138752
137157755
137149022
143343660
120129169
120192756
2086921
6091976
120126028
120163430
138340995
120226880
146497365
120239965
138310574
120244756
2047851
138561119
138558989
120171027
18439935
138548133
146497192
146497985
120179053
6096068
146496136
2003451
138310362
120129422
120113482
120133532
138542678
120190452
1760284
19094548
120239997
3086658
2057625
120199452
138432280
95602363
120175557
146498148
146498303
120240464
120241390
3080413
127904747
138538502
18435025
120209006
25740436
138534337
2065427
146497785
20907406
120246853
2069787
19094921
120197909
138341153
138561778
138546094
120193805
2053342
146497935
146497986
146496958
120159688
146497946
120177767
143346906
146498333
3082032
120169529
6095176
146496768
146497386
137149032
120210538
120190295
120206671
146496758
3068404
146496619
138432078
127904778
120204582
138540008
120191113
146496236
120170912
138538457
120241388
120161094
3073600
25739530
120133911
2089784
120131515
